ayeshagy,39
xeufps,24
patrickhickeyjr,19
grinnning,18
nerd_brasil,18
splatoon._.fashion,17
durr_burger_with_fries,13
airhawk_001,12
electabuzz1989,12
neckstickles_v2.0,12
rvinforworld,11
winningames.atibaia,11
leafstonecollector,10
iplattyyy,10
lucariones,10
system32.png,9
were.the.gamers,9
biteoffortnite_,9
wohltat.tv,9
matth_andre,8
